-1 -1 -1 -1 -1 -1 -1 -1 -1 -1 
-1 -1 -1 -1 -1 -1 -1 -1 -1 -1 
-1 -1 -1 -1 -1 -1 -1 -1 -1 -1 
-1 -1 -1 -1 -1 -1 -1 -1 -1 -1 
-1 -1 -1 -1 -1 -1 -1 -1 -1 -1 
-1 -1 -1 -1 -1 -1 -1 -1 -1 -1 
-1 -1 -1 -1 -1 -1 -1 -1 -1 -1 
-1 -1 -1 -1 -1 -1 -1 -1 -1 -1 
-1 -1 -1 -1 -1 -1 -1 -1 -1 -1 
4 4 4 4 4 4 5 6 6 6 
-1 -1 -1 -1 -1 -1 -1 -1 -1 -1 
-1 -1 -1 -1 -1 -1 -1 -1 -1 -1 
-1 -1 7 -1 -1 -1 -1 -1 -1 -1 
-1 -1 7 -1 -1 -1 -1 -1 -1 -1 
-1 -1 9 -1 -1 -1 -1 -1 -1 -1 
-1 -1 -1 -1 -1 -1 -1 -1 -1 -1 
-1 -1 -1 -1 -1 -1 -1 -1 -1 -1 
-1 -1 -1 -1 -1 -1 -1 -1 -1 -1 
-1 -1 -1 -1 -1 -1 -1 -1 -1 -1 
4 4 4 4 4 4 5 6 6 6 
-1 7 7 7 -1 -1 -1 -1 -1 -1 
-1 7 7 7 -1 -1 -1 -1 -1 -1 
-1 7 7 7 -1 -1 -1 -1 -1 -1 
-1 7 7 7 -1 -1 -1 -1 -1 -1 
-1 7 7 7 -1 -1 -1 -1 -1 -1 
-1 -1 7 -1 -1 -1 -1 -1 -1 -1 
-1 -1 7 -1 -1 -1 -1 -1 -1 -1 
-1 -1 7 -1 -1 -1 -1 -1 -1 -1 
-1 -1 7 7 -1 -1 -1 -1 -1 -1 
4 4 4 4 4 4 5 6 6 6 
-1 7 7 7 -1 -1 -1 -1 -1 -1 
-1 7 9 5 -1 -1 -1 -1 -1 -1 
9 7 9 7 -1 -1 -1 -1 -1 -1 
9 7 9 7 -1 -1 -1 -1 -1 -1 
-1 7 9 7 -1 -1 -1 -1 -1 -1 
-1 7 7 7 -1 -1 -1 -1 -1 -1 
-1 -1 7 -1 -1 -1 -1 -1 -1 -1 
-1 -1 -1 -1 -1 -1 -1 -1 -1 -1 
-1 -1 -1 -1 -1 -1 -1 -1 -1 -1 
4 4 4 4 4 4 5 6 6 6 
-1 7 7 7 -1 -1 -1 -1 -1 -1 
-1 7 9 5 -1 -1 -1 -1 -1 -1 
9 7 9 7 -1 -1 -1 -1 -1 -1 
9 7 9 7 -1 -1 -1 -1 -1 -1 
-1 7 9 7 -1 -1 -1 -1 -1 -1 
-1 7 7 7 -1 -1 -1 -1 -1 -1 
-1 -1 7 -1 -1 -1 -1 -1 -1 -1 
-1 -1 -1 -1 -1 -1 -1 -1 -1 -1 
-1 -1 -1 -1 -1 -1 -1 -1 -1 -1 
4 4 4 4 4 4 5 6 6 6 
-1 7 7 7 -1 -1 -1 -1 -1 -1 
-1 7 7 7 -1 -1 -1 -1 -1 -1 
-1 7 7 7 -1 -1 -1 -1 -1 -1 
-1 7 7 7 -1 -1 -1 -1 -1 -1 
-1 7 7 7 -1 -1 -1 -1 -1 -1 
-1 -1 7 -1 -1 -1 -1 -1 -1 -1 
-1 -1 7 -1 -1 -1 -1 -1 -1 -1 
-1 -1 7 -1 -1 -1 -1 -1 -1 -1 
-1 -1 7 7 -1 -1 -1 -1 -1 -1 
4 4 4 4 4 4 5 6 6 6 
-1 -1 -1 -1 -1 -1 -1 -1 -1 -1 
-1 -1 -1 -1 -1 -1 -1 -1 -1 -1 
-1 -1 7 -1 -1 -1 -1 -1 -1 -1 
-1 -1 7 -1 -1 -1 -1 -1 -1 -1 
-1 -1 9 -1 -1 -1 -1 -1 -1 -1 
-1 -1 -1 -1 -1 -1 -1 -1 -1 -1 
-1 -1 -1 -1 -1 -1 -1 -1 -1 -1 
-1 -1 -1 -1 -1 -1 -1 -1 -1 -1 
-1 -1 -1 -1 -1 -1 -1 -1 -1 -1 
4 4 4 4 4 4 5 6 6 6 
-1 -1 -1 -1 -1 -1 -1 -1 -1 -1 
-1 -1 -1 -1 -1 -1 -1 -1 -1 -1 
-1 -1 -1 -1 -1 -1 -1 -1 -1 -1 
-1 -1 -1 -1 -1 -1 -1 -1 -1 -1 
-1 -1 -1 -1 -1 -1 -1 -1 -1 -1 
-1 -1 -1 -1 -1 -1 -1 -1 -1 -1 
-1 -1 -1 -1 -1 -1 -1 -1 -1 -1 
-1 -1 -1 -1 -1 -1 -1 -1 -1 -1 
-1 -1 -1 -1 -1 -1 -1 -1 -1 -1 
4 4 4 4 4 4 5 6 6 6 
-1 -1 -1 -1 -1 -1 -1 -1 -1 -1 
-1 -1 -1 9 9 9 -1 -1 -1 -1 
-1 -1 -1 9 -1 3 -1 -1 -1 -1 
-1 -1 -1 9 -1 -1 -1 -1 -1 -1 
-1 -1 -1 9 -1 -1 -1 -1 -1 -1 
-1 -1 -1 9 -1 -1 -1 -1 -1 -1 
-1 -1 -1 9 -1 -1 -1 -1 -1 -1 
-1 -1 -1 9 -1 -1 -1 -1 -1 -1 
-1 -1 -1 9 -1 -1 -1 -1 -1 -1 
4 4 4 4 4 4 5 5 5 5 
-1 -1 -1 -1 -1 -1 -1 -1 -1 -1 
-1 -1 -1 -1 -1 -1 -1 -1 -1 -1 
-1 -1 -1 -1 -1 -1 -1 -1 -1 -1 
-1 -1 -1 -1 -1 -1 -1 -1 -1 -1 
-1 -1 -1 -1 -1 -1 -1 -1 -1 -1 
-1 -1 -1 -1 -1 -1 -1 -1 -1 -1 
-1 -1 -1 -1 -1 -1 -1 -1 -1 -1 
-1 -1 -1 -1 -1 -1 -1 -1 -1 -1 
-1 -1 -1 -1 -1 -1 -1 -1 -1 -1 
4 4 4 4 4 4 4 4 4 4 

-1 -1 -1 -1 -1 -1 -1 -1 -1 -1 
-1 -1 -1 -1 -1 -1 -1 -1 -1 -1 
-1 -1 -1 -1 -1 -1 -1 -1 -1 -1 
-1 -1 -1 -1 -1 -1 -1 -1 -1 -1 
-1 -1 -1 -1 -1 -1 -1 -1 -1 -1 
-1 -1 -1 -1 -1 -1 -1 -1 -1 -1 
